right_shoulder torque_torque
Time - s,Torque magnitude[Nm],Torque1 [Nm],Axis1x,Axis1y,Axis1z,Torque2 [Nm],Axis2x,Axis2y,Axis2z,Torque3 [Nm],Axis3x,Axis3y,Axis3z,
0,0.47202,0.44448,-0.77006,0.6379,0.0090095,-0.15855,0.63717,0.76973,-0.039237,0.010234,-0.031964,-0.024474,-0.99919
0.1,0.44813,0.43345,-0.7702,0.63773,0.010022,-0.11331,0.63697,0.76989,-0.039114,0.0098595,-0.03266,-0.023742,-0.99918
0.2,0.49312,0.48677,-0.77022,0.6377,0.010628,-0.078094,0.63692,0.76993,-0.039168,0.010892,-0.03316,-0.023399,-0.99918
0.3,0.46638,0.42953,-0.77004,0.63791,0.010571,-0.1814,0.63713,0.76975,-0.039339,0.010109,-0.033231,-0.023557,-0.99917
0.4,0.42202,0.40759,-0.76996,0.638,0.010736,-0.10906,0.63722,0.76969,-0.039038,0.0088398,-0.03317,-0.023217,-0.99918
0.5,0.44396,0.40708,-0.7698,0.6382,0.010343,-0.17691,0.63746,0.76953,-0.038257,0.0094967,-0.032375,-0.022857,-0.99921
0.6,0.44547,0.43258,-0.76992,0.63807,0.010117,-0.10594,0.63736,0.76966,-0.037384,0.0097431,-0.03164,-0.022335,-0.99925
0.7,0.48319,0.45389,-0.77023,0.63769,0.010014,-0.16537,0.63701,0.76998,-0.036691,0.010727,-0.031108,-0.021881,-0.99928
0.8,0.40681,0.37815,-0.77064,0.63718,0.010524,-0.14973,0.6365,0.77042,-0.036426,0.0086863,-0.031318,-0.021373,-0.99928
0.9,0.43281,0.41928,-0.77103,0.6367,0.01106,-0.10698,0.636,0.77083,-0.036363,0.0091987,-0.031677,-0.021003,-0.99928
1,0.40458,0.37323,-0.7714,0.63625,0.011459,-0.15593,0.63557,0.77122,-0.035646,0.0086599,-0.031517,-0.020214,-0.9993
1.1,0.3953,0.38704,-0.77187,0.63566,0.012363,-0.079915,0.63499,0.77174,-0.03472,0.0084905,-0.031611,-0.018949,-0.99932
1.2,0.43641,0.4109,-0.77208,0.63539,0.012698,-0.14672,0.63474,0.77197,-0.034084,0.0097318,-0.031459,-0.018255,-0.99934
1.3,0.39805,0.39349,-0.77213,0.63533,0.013092,-0.059487,0.63466,0.77203,-0.034126,0.0085793,-0.031789,-0.018041,-0.99933
1.4,0.3936,0.36327,-0.77195,0.63555,0.013302,-0.15127,0.63487,0.77185,-0.034516,0.0082601,-0.032204,-0.018199,-0.99932
1.5,0.35161,0.34986,-0.77223,0.63519,0.013782,-0.034179,0.63449,0.77214,-0.034797,0.0074955,-0.032745,-0.018127,-0.9993
1.6,0.48822,0.47411,-0.77262,0.63473,0.013605,-0.11601,0.63401,0.77251,-0.035406,0.01096,-0.032983,-0.018729,-0.99928
1.7,0.38441,0.36443,-0.77274,0.63459,0.012981,-0.12205,0.63387,0.77259,-0.036258,0.0082331,-0.033038,-0.019789,-0.99926
1.8,0.38103,0.37558,-0.77287,0.63445,0.012199,-0.063756,0.6337,0.77268,-0.037384,0.0078875,-0.033144,-0.021162,-0.99923
1.9,0.46771,0.44809,-0.77271,0.63467,0.010892,-0.13365,0.63392,0.77245,-0.038212,0.010342,-0.032665,-0.022622,-0.99921
2,0.46017,0.43979,-0.77221,0.6353,0.0096947,-0.13505,0.63453,0.77188,-0.039607,0.010102,-0.032646,-0.024433,-0.99917
2.1,0.49089,0.46324,-0.77176,0.63586,0.0087433,-0.16208,0.63505,0.77135,-0.041575,0.010412,-0.03318,-0.026533,-0.9991
2.2,0.50475,0.46585,-0.7717,0.63592,0.0089195,-0.19403,0.63505,0.77125,-0.043378,0.010813,-0.034464,-0.027811,-0.99902
2.3,0.51271,0.49585,-0.7717,0.63591,0.0098737,-0.12997,0.63496,0.77124,-0.044793,0.010653,-0.036099,-0.028297,-0.99895
2.4,0.45273,0.44174,-0.7714,0.63625,0.011009,-0.098727,0.63527,0.77099,-0.044918,0.0091748,-0.037067,-0.027657,-0.99893
2.5,0.51848,0.51224,-0.77106,0.63664,0.012657,-0.079437,0.63565,0.77073,-0.043892,0.011165,-0.037699,-0.025798,-0.99896
2.6,0.50995,0.503,-0.77054,0.63723,0.014313,-0.083189,0.63626,0.77031,-0.042414,0.011037,-0.038054,-0.023575,-0.999
2.7,0.4613,0.45074,-0.77001,0.63784,0.015657,-0.097669,0.63687,0.76986,-0.041315,0.009904,-0.038406,-0.021842,-0.99902
2.8,0.43247,0.4272,-0.76951,0.63841,0.016638,-0.066705,0.63746,0.76942,-0.040392,0.008984,-0.038588,-0.020476,-0.99905
2.9,0.39261,0.3909,-0.76897,0.63906,0.016889,-0.035639,0.63816,0.76891,-0.039156,0.0082621,-0.038009,-0.019332,-0.99909
3,0.44967,0.4493,-0.7685,0.63962,0.017108,0.015731,0.63875,0.76847,-0.038152,0.0093577,-0.03755,-0.018393,-0.99913
3.1,0.41565,0.41501,-0.76813,0.64006,0.017244,-0.021335,0.6392,0.76812,-0.037632,0.0087542,-0.037332,-0.017884,-0.99914
3.2,0.4391,0.41789,-0.76834,0.63978,0.01818,-0.13449,0.63892,0.76836,-0.03744,0.0093849,-0.037922,-0.017151,-0.99913
3.3,0.37668,0.37661,-0.76886,0.63912,0.01955,-0.0012592,0.63823,0.76893,-0.037551,0.0076058,-0.039032,-0.016395,-0.9991
3.4,0.42796,0.42784,-0.7696,0.6382,0.020574,-0.0048636,0.63729,0.76971,-0.037454,0.0089872,-0.039739,-0.015713,-0.99909
3.5,0.44406,0.44231,-0.77042,0.63718,0.021283,0.038442,0.63626,0.77056,-0.037483,0.0087889,-0.040283,-0.015336,-0.99907
3.6,0.39,0.38925,-0.77135,0.63604,0.021707,0.02289,0.6351,0.7715,-0.037894,0.0079667,-0.040849,-0.015443,-0.99905
3.7,0.40557,0.40476,-0.77242,0.63474,0.021842,0.024501,0.63378,0.77257,-0.03825,0.007692,-0.041153,-0.015702,-0.99903
3.8,0.43598,0.43568,-0.77286,0.63418,0.02219,0.013634,0.63322,0.77303,-0.038288,0.0085596,-0.041435,-0.01554,-0.99902
3.9,0.3731,0.36957,-0.77307,0.6339,0.023043,0.050749,0.63298,0.77329,-0.036804,0.0066653,-0.041149,-0.013867,-0.99906
4,0.37495,0.37128,-0.77405,0.63263,0.025177,0.05181,0.63178,0.77438,-0.034461,0.0077056,-0.041298,-0.010768,-0.99909
4.1,0.33257,0.3128,-0.77581,0.63035,0.028103,0.11279,0.62955,0.77628,-0.032618,0.0057285,-0.042376,-0.0076136,-0.99907
4.2,0.28408,0.28349,-0.77793,0.62764,0.029926,-0.017354,0.62688,0.77848,-0.031386,0.0062197,-0.042996,-0.0056557,-0.99906
4.3,0.41426,0.3624,-0.78,0.62495,0.03207,0.2006,0.62419,0.78065,-0.031203,0.0060685,-0.044536,-0.0043211,-0.999
4.4,0.43976,0.38352,-0.78082,0.62389,0.032965,0.21506,0.62309,0.7815,-0.03178,0.0072284,-0.04559,-0.0042744,-0.99895
4.5,0.36362,0.31593,-0.78235,0.62189,0.034343,0.17995,0.62104,0.78309,-0.032847,0.0050805,-0.047321,-0.0043694,-0.99887
4.6,0.33565,0.32796,-0.78585,0.61731,0.03691,0.071156,0.61648,0.78671,-0.032128,0.0063486,-0.04887,-0.0024929,-0.9988
4.7,0.41014,0.27371,-0.78849,0.61387,0.037956,0.30543,0.61313,0.78941,-0.03017,0.0030867,-0.048483,-0.00051666,-0.99882
4.8,0.44877,0.40374,-0.78791,0.61464,0.037586,0.19575,0.61393,0.78881,-0.029514,0.0084851,-0.047789,-0.00017934,-0.99886
4.9,0.52572,0.3637,-0.78651,0.61644,0.037351,0.37956,0.61572,0.7874,-0.029819,0.0058997,-0.047791,-0.00045497,-0.99886
5,0.40316,0.32834,-0.78504,0.61837,0.036558,0.23389,0.61755,0.78589,-0.031911,0.0052874,-0.048463,-0.0024749,-0.99882
5.1,0.40295,0.379,-0.78307,0.62113,0.031795,-0.13658,0.62017,0.78367,-0.035361,0.0085453,-0.04688,-0.0079719,-0.99887
5.2,0.25662,0.24978,-0.78093,0.62403,0.026975,0.058805,0.62298,0.78128,-0.038748,0.0025201,-0.045255,-0.013455,-0.99888
5.3,0.97929,0.78664,-0.77824,0.62732,0.028476,-0.58254,0.62605,0.77861,-0.042686,0.029245,-0.048949,-0.015393,-0.99868
5.4,1.9844,1.015,-0.77313,0.63314,0.03744,-1.701,0.6302,0.77351,-0.067316,0.11812,-0.071581,-0.028449,-0.99703
5.5,2.1998,1.732,-0.76634,0.64145,0.035579,-1.3332,0.63481,0.76459,-0.11146,0.24901,-0.098698,-0.062828,-0.99313
5.6,2.9062,2.0463,-0.76471,0.64416,0.016749,-2.0174,0.6324,0.75522,-0.17237,0.43469,-0.12369,-0.12122,-0.98489
5.7,2.1274,1.9307,-0.77219,0.63507,-0.02022,-0.79774,0.6214,0.74816,-0.23262,0.40227,-0.1326,-0.19219,-0.97236
5.8,3.9457,2.7642,-0.7866,0.61281,-0.075671,-2.7228,0.60807,0.74751,-0.26736,0.71733,-0.10728,-0.25632,-0.96062
5.9,4.296,2.9695,-0.80088,0.58163,-0.14248,-3.0354,0.59569,0.74952,-0.28873,0.6513,-0.06114,-0.31611,-0.94675
6,5.4573,3.2177,-0.81208,0.54217,-0.21583,-4.3712,0.58353,0.75183,-0.30698,0.56574,-0.0041682,-0.37523,-0.92692
6.1,6.4142,3.7766,-0.82088,0.49745,-0.28053,-5.1496,0.56905,0.75398,-0.32816,0.60063,0.048273,-0.42902,-0.90201
6.2,6.768,3.7084,-0.82554,0.45223,-0.33761,-5.6435,0.55548,0.75676,-0.3446,0.45171,0.099651,-0.47202,-0.87594
6.3,7.4785,4.527,-0.82628,0.41332,-0.38266,-5.9368,0.54369,0.76276,-0.35014,0.43522,0.14716,-0.49736,-0.85497
6.4,6.22,3.5175,-0.82852,0.38126,-0.41011,-5.1253,0.53023,0.76963,-0.3557,0.21766,0.18002,-0.51216,-0.83981
6.5,7.6857,4.6899,-0.83125,0.35494,-0.42784,-6.0857,0.51515,0.78109,-0.35288,0.1984,0.20893,-0.51373,-0.83212
6.6,7.8424,4.6525,-0.83879,0.33576,-0.42859,-6.3115,0.49908,0.78879,-0.35879,0.15099,0.2176,-0.51485,-0.8292
6.7,7.4812,4.8607,-0.84148,0.32276,-0.43329,-5.6854,0.48939,0.79515,-0.35811,0.13531,0.22895,-0.51338,-0.82705
6.8,8.3121,5.1198,-0.84165,0.31194,-0.44081,-6.5478,0.4849,0.79584,-0.36265,0.067169,0.23769,-0.51898,-0.82107
6.9,6.9522,3.9009,-0.83981,0.30461,-0.44937,-5.7546,0.485,0.79288,-0.36894,0.020834,0.24392,-0.52779,-0.8136
7,20.8447,12.4616,-0.83222,0.302699,-0.464524,-16.7089,0.489696,0.794196,-0.359793,0.140549,0.260014,-0.526902,-0.809177
7.1,20.4325,12.2066,-0.821044,0.3076,-0.480904,-16.3855,0.499879,0.79423,-0.345427,0.0510276,0.275695,-0.524004,-0.805861
7.2,20.2479,11.5422,-0.818172,0.317768,-0.479185,-16.6355,0.507185,0.791448,-0.341136,0.129527,0.270848,-0.522144,-0.808707
7.3,20.3664,11.8866,-0.824233,0.33757,-0.454629,-16.5235,0.514475,0.781835,-0.352207,0.68648,0.23655,-0.524196,-0.818085
7.4,19.3657,11.2188,-0.833575,0.373238,-0.407242,-15.7039,0.525203,0.763972,-0.374845,1.59986,0.171215,-0.526347,-0.832853
7.5,19.2727,11.2236,-0.841442,0.417235,-0.343351,-15.4015,0.533712,0.741022,-0.407478,2.8749,0.0844168,-0.52612,-0.84621
7.6,18.6784,10.9857,-0.842218,0.46533,-0.272281,-14.5313,0.539032,0.716826,-0.442272,4.1278,-0.0106242,-0.519258,-0.854552
7.7,16.1487,8.87749,-0.834898,0.511939,-0.202147,-12.6575,0.540573,0.693572,-0.476172,4.66444,-0.103568,-0.50683,-0.855802
7.8,15.9256,8.96228,-0.819128,0.557609,-0.134541,-11.8999,0.542589,0.677125,-0.49709,5.62965,-0.186081,-0.480181,-0.857205
7.9,14.7438,7.59469,-0.801202,0.592766,-0.0818762,-11.154,0.53819,0.654005,-0.531629,5.94039,-0.261584,-0.470007,-0.843011
8,14.4538,7.47774,-0.789611,0.61058,-0.0608752,-10.5592,0.527983,0.625526,-0.574413,6.44201,-0.312646,-0.485704,-0.816299
8.1,14.7006,7.8424,-0.792818,0.604544,-0.0772464,-10.3536,0.515766,0.598002,-0.613497,6.88532,-0.324692,-0.526232,-0.78591
8.2,15.4754,8.67888,-0.811845,0.570513,-0.124188,-10.6268,0.502487,0.574378,-0.646217,7.15799,-0.297344,-0.587031,-0.752981
8.3,17.6415,10.7129,-0.840025,0.508581,-0.188952,-11.776,0.486826,0.552828,-0.6763,7.60147,-0.239495,-0.660096,-0.71198
8.4,19.6144,12.9764,-0.86538,0.434397,-0.249835,-12.5499,0.471508,0.537003,-0.699506,7.67059,-0.169701,-0.723137,-0.669533
8.5,18.7714,12.1999,-0.886102,0.348121,-0.305999,-12.7958,0.45371,0.516574,-0.726154,6.30841,-0.0947184,-0.782281,-0.615683
8.6,24.061,18.3962,-0.909965,0.238559,-0.339194,-13.4988,0.414115,0.479915,-0.773428,7.63508,-0.021724,-0.844258,-0.535497
8.7,25.4573,20.8353,-0.934939,0.140741,-0.3257,-12.8172,0.353712,0.441797,-0.824441,7.04847,0.0278608,-0.886006,-0.462835
8.8,26.5086,22.8479,-0.943134,0.0476127,-0.328985,-12.1204,0.317215,0.424741,-0.847921,5.81145,0.0993618,-0.904062,-0.415691
8.9,29.543,26.3875,-0.936644,-0.0282593,-0.34914,-12.4087,0.304718,0.425847,-0.85194,4.74457,0.172756,-0.904354,-0.390256
9,29.1305,25.8944,-0.928233,-0.0722671,-0.364911,-12.933,0.299794,0.435446,-0.848829,3.28696,0.220242,-0.897309,-0.382531
9.1,11.3985,10.2391,-0.91816,-0.0918908,-0.385406,-4.97908,0.304948,0.457146,-0.835479,0.542371,0.25296,-0.884632,-0.391711
9.2,11.8934,10.6578,-0.912722,-0.0938804,-0.397649,-5.25832,0.309491,0.476535,-0.822879,0.462618,0.266746,-0.874129,-0.405889
9.3,11.944,10.5667,-0.910308,-0.0841977,-0.405277,-5.55245,0.315371,0.493085,-0.810807,0.419331,0.268104,-0.865897,-0.422306
9.4,11.8249,10.3901,-0.908759,-0.0733023,-0.410834,-5.63095,0.321229,0.505567,-0.800758,0.407122,0.266402,-0.859668,-0.435892
9.5,11.358,10.0035,-0.908089,-0.0627342,-0.414053,-5.36545,0.325256,0.517135,-0.791694,0.382377,0.263787,-0.853602,-0.4492
9.6,12.8548,11.3597,-0.908952,-0.0631845,-0.412085,-6.00162,0.322103,0.52111,-0.790376,0.429643,0.264681,-0.851147,-0.453312
9.7,10.8156,9.4569,-0.911369,-0.0674386,-0.406029,-5.23923,0.316107,0.517096,-0.795417,0.306693,0.263598,-0.853267,-0.449947
9.8,11.9907,10.7059,-0.912854,-0.0715465,-0.401968,-5.38703,0.311667,0.513873,-0.799248,0.375358,0.263744,-0.854877,-0.446793
9.9,11.3435,10.0562,-0.913587,-0.0671014,-0.401069,-5.23769,0.313074,0.513355,-0.799032,0.337452,0.259507,-0.855549,-0.447986
10,11.568,10.1588,-0.91354,-0.0578299,-0.402616,-5.52231,0.318348,0.514464,-0.796229,0.34929,0.253178,-0.85556,-0.451574
10.1,11.7306,10.394,-0.912233,-0.0560647,-0.405818,-5.42605,0.322135,0.513838,-0.79511,0.361657,0.253102,-0.856054,-0.450679
10.2,11.5698,10.1416,-0.911316,-0.0564392,-0.407822,-5.55857,0.324299,0.51185,-0.795512,0.332232,0.253642,-0.857219,-0.448154
10.3,11.753,10.447,-0.90968,-0.0600372,-0.410948,-5.37377,0.325739,0.510688,-0.79567,0.338978,0.257636,-0.857667,-0.445006
10.4,11.5016,10.0659,-0.908944,-0.0643786,-0.411918,-5.55704,0.325767,0.506916,-0.798068,0.290172,0.260186,-0.859588,-0.439785
10.5,11.6982,10.4709,-0.907775,-0.0678716,-0.413931,-5.20677,0.327129,0.503124,-0.799908,0.314887,0.26255,-0.861545,-0.43452
10.6,11.7195,10.0062,-0.910849,-0.0661249,-0.407409,-6.09407,0.324878,0.493963,-0.806508,0.294442,0.254575,-0.866965,-0.428443
10.7,12.4275,11.296,-0.918818,-0.057771,-0.390432,-5.14232,0.318779,0.474637,-0.820426,0.632531,0.23271,-0.878284,-0.417689
10.8,10.0289,8.96146,-0.939241,-0.00462134,-0.343227,-4.41872,0.305531,0.444485,-0.842071,0.863161,0.156451,-0.895774,-0.416067
10.9,9.93742,9.22036,-0.948461,0.0979979,-0.30136,-3.3757,0.312735,0.443,-0.840207,1.53028,0.0511638,-0.891149,-0.450816
11,7.47578,6.57335,-0.93662,0.241656,-0.253662,-3.35803,0.341118,0.46395,-0.81755,1.18404,-0.0798796,-0.852263,-0.516979
11.1,5.52502,4.22078,-0.901928,0.385418,-0.194882,-3.52598,0.379258,0.490935,-0.784313,0.527527,-0.206614,-0.781304,-0.58896
11.2,7.47986,6.34207,-0.852282,0.508889,-0.121024,-3.51399,0.415481,0.518029,-0.747677,1.83802,-0.317791,-0.687515,-0.652941
11.3,5.13679,4.37606,-0.79469,0.605779,-0.0387235,-2.38704,0.457468,0.555754,-0.694162,1.24047,-0.398988,-0.569358,-0.718776
11.4,4.85504,4.55517,-0.752376,0.658141,0.0279435,-1.13321,0.511943,0.610886,-0.603931,1.24004,-0.414542,-0.440077,-0.796547
11.5,4.98909,4.55173,-0.738746,0.671856,0.0535148,-1.5977,0.563858,0.659582,-0.497007,1.27284,-0.369215,-0.336987,-0.866095
11.6,2.35593,2.3392,-0.746719,0.664321,0.0329799,0.210962,0.599199,0.693389,-0.400216,0.184538,-0.28874,-0.279087,-0.915827
11.7,4.68896,3.52873,-0.76275,0.646594,-0.0113567,-3.02168,0.62168,0.728298,-0.288264,0.635488,-0.178119,-0.226934,-0.957484
11.8,2.44772,2.07046,-0.77465,0.629588,-0.0594733,-1.29971,0.627602,0.753825,-0.194584,0.123552,-0.0776754,-0.18806,-0.979081
11.9,1.85935,1.84215,-0.782773,0.619957,-0.0540248,-0.25204,0.620905,0.772236,-0.134643,0.0117416,-0.0417528,-0.138939,-0.98942
12,0.819222,0.3323,-0.787046,0.616824,-0.00928022,0.7488,0.612219,0.779145,-0.134611,-0.000744537,-0.0758007,-0.111627,-0.990855
12.1,3.42704,2.56473,-0.786503,0.617585,-0.00131193,-2.27232,0.614097,0.781832,-0.107812,0.05733,-0.0655571,-0.0855997,-0.99417
12.2,0.89569,0.851279,-0.782898,0.622115,0.00662572,0.278268,0.61858,0.779499,-0.0986908,0.0122775,-0.0665618,-0.0731662,-0.995096
12.3,1.66079,1.6434,-0.780392,0.625247,0.00733669,-0.236495,0.622277,0.777729,-0.0889393,0.0390309,-0.061315,-0.0648421,-0.99601
12.4,1.16207,1.15673,-0.778696,0.627365,0.00675308,-0.108061,0.624667,0.776262,-0.0849053,0.0267034,-0.0585088,-0.061897,-0.996366
12.5,1.05279,1.0517,-0.777439,0.628938,0.00504088,-0.043064,0.626377,0.774949,-0.0842946,0.0207958,-0.0569226,-0.0623764,-0.996428
12.6,1.02743,0.991202,-0.775643,0.63117,0.00182648,-0.269774,0.62881,0.772986,-0.0842034,0.0190138,-0.0545585,-0.0641632,-0.996447
12.7,0.885151,0.840513,-0.774129,0.633027,-0.000294366,-0.2772,0.630826,0.771399,-0.0836807,0.0137792,-0.0527451,-0.0649654,-0.996493
12.8,1.04255,1.01653,-0.773698,0.633551,-0.00194308,-0.230976,0.631601,0.771069,-0.0808236,0.0153061,-0.0497077,-0.0637603,-0.996727
12.9,0.984961,0.869512,-0.773853,0.633357,-0.00321884,-0.462491,0.631579,0.77128,-0.0789684,0.0141216,-0.0475325,-0.0631429,-0.996872
13,1.33312,1.32902,-0.773668,0.633571,-0.00506798,-0.102756,0.631968,0.771089,-0.077711,0.0188979,-0.0453276,-0.0633253,-0.996963
13.1,1.97809,1.22901,-0.771306,0.636382,0.010268,-1.54815,0.632299,0.768,-0.101856,0.0747256,-0.0727051,-0.0720696,-0.994746
13.2,0.859488,0.84478,-0.762166,0.645749,0.045948,-0.15216,0.634207,0.759018,-0.147217,0.0437449,-0.129941,-0.0830635,-0.988036
13.3,1.48166,1.47406,-0.750839,0.656396,0.0733899,-0.0592111,0.635698,0.74834,-0.18941,0.137664,-0.179249,-0.0955627,-0.979152
13.4,2.58195,2.29849,-0.739834,0.665407,0.0993945,-1.07854,0.633178,0.738579,-0.231491,0.469195,-0.227446,-0.10833,-0.967746
13.5,2.49898,2.39529,-0.728076,0.675907,0.114258,-0.511675,0.626471,0.72374,-0.289368,0.495685,-0.278279,-0.139103,-0.950374
13.6,2.6373,2.46788,-0.721045,0.683935,0.111027,-0.694206,0.613502,0.704659,-0.356471,0.618875,-0.322039,-0.188916,-0.927686
13.7,3.59358,3.29698,-0.727533,0.682153,0.0732365,-1.06968,0.596191,0.681428,-0.424514,0.948452,-0.339489,-0.265185,-0.902454
13.8,4.01919,3.42178,-0.751694,0.659512,-0.000702907,-1.8673,0.573305,0.65291,-0.495005,0.979008,-0.326003,-0.372495,-0.86889
13.9,5.93546,4.68762,-0.788345,0.60863,-0.0898996,-3.34309,0.544904,0.62289,-0.561327,1.44208,-0.285643,-0.491506,-0.822697
14,6.96316,5.45553,-0.826463,0.53823,-0.16513,-4.06924,0.511134,0.594378,-0.620852,1.47109,-0.236011,-0.597514,-0.766339
14.1,7.39591,5.75343,-0.862185,0.454757,-0.223235,-4.46331,0.473009,0.564874,-0.676151,1.29473,-0.181385,-0.688559,-0.702129
14.2,8.42889,6.90123,-0.894486,0.354679,-0.272209,-4.60534,0.43208,0.529288,-0.730179,1.48659,-0.114902,-0.770751,-0.62669
14.3,9.02122,7.81377,-0.919245,0.242722,-0.30996,-4.28581,0.392146,0.494942,-0.775406,1.39972,-0.0347959,-0.834337,-0.550155
14.4,10.4123,9.27366,-0.934251,0.133742,-0.330587,-4.53203,0.353518,0.46924,-0.809221,1.36954,0.0468976,-0.872884,-0.485668
14.5,10.9395,9.82623,-0.938396,0.0467495,-0.342385,-4.69211,0.324646,0.458741,-0.827141,1.04977,0.118398,-0.887339,-0.445658
14.6,11.0821,9.89366,-0.933921,-0.0182159,-0.357016,-4.9495,0.308784,0.462108,-0.83133,0.656089,0.180123,-0.886637,-0.425947
14.7,12.035,10.8354,-0.925722,-0.0563836,-0.373979,-5.21668,0.304608,0.47495,-0.825613,0.472158,0.224172,-0.878205,-0.422496
14.8,11.3255,10.1979,-0.91938,-0.0726697,-0.386599,-4.91717,0.304888,0.489363,-0.817048,0.299623,0.248562,-0.869047,-0.427755
14.9,10.3677,9.27216,-0.912884,-0.0820466,-0.399889,-4.63707,0.307211,0.507005,-0.805337,0.115353,0.268821,-0.858029,-0.437631
15,29.7305,26.3903,-0.911124,-0.0911861,-0.401917,-13.6895,0.302899,0.513146,-0.803077,0.223613,0.279472,-0.853444,-0.43992
15.1,28.5046,25.4751,-0.908353,-0.102128,-0.405543,-12.7875,0.301258,0.512806,-0.803911,0.107365,0.290067,-0.852408,-0.435042
15.2,28.2635,25.3611,-0.909416,-0.112897,-0.40027,-12.4727,0.29557,0.501629,-0.813023,0.263595,0.292575,-0.857684,-0.422821
15.3,28.59,25.2421,-0.912295,-0.10896,-0.394773,-13.4118,0.293499,0.498328,-0.815799,0.587701,0.285616,-0.860115,-0.422642
15.4,30.1225,26.7546,-0.909697,-0.0994879,-0.403178,-13.8051,0.301937,0.508098,-0.806642,0.989591,0.285105,-0.855534,-0.432176
15.5,29.8039,26.5999,-0.913362,-0.0779141,-0.399624,-13.2985,0.310623,0.501192,-0.807663,1.96637,0.263217,-0.861821,-0.433568
15.6,28.943,25.7755,-0.931419,-0.0342909,-0.362331,-12.6299,0.305268,0.468466,-0.829066,3.71576,0.198169,-0.882816,-0.42587
15.7,26.4939,23.2219,-0.950116,0.0517671,-0.307571,-11.3359,0.298687,0.434967,-0.849464,5.84543,0.0898089,-0.898957,-0.428731
15.8,24.1496,20.3617,-0.951245,0.168348,-0.258442,-10.408,0.30648,0.421675,-0.853382,7.76394,-0.0346862,-0.890982,-0.452711
15.9,20.3577,15.1706,-0.929049,0.299347,-0.217393,-10.9881,0.336257,0.43822,-0.833603,7.97192,-0.154271,-0.847558,-0.507786
16,18.2784,13.1008,-0.892973,0.409209,-0.187476,-9.64639,0.384568,0.477181,-0.790193,8.33171,-0.233894,-0.777719,-0.583479
16.1,18.0965,11.9852,-0.850855,0.506266,-0.140503,-10.5246,0.430824,0.519218,-0.738108,8.54811,-0.300727,-0.688555,-0.659891
16.2,15.6436,9.38665,-0.811524,0.578286,-0.0837472,-9.89586,0.468431,0.558183,-0.684839,7.66059,-0.349287,-0.594993,-0.723866
16.3,14.4839,8.22043,-0.785895,0.617492,-0.0327637,-9.6933,0.498103,0.60077,-0.625274,6.94605,-0.366418,-0.50772,-0.779717
16.4,14.5543,8.09526,-0.791075,0.611012,-0.0294055,-10.3178,0.51659,0.641537,-0.567066,6.31173,-0.327619,-0.463783,-0.823147
16.5,14.3169,8.52457,-0.818402,0.570074,-0.0723454,-10.1374,0.518725,0.678709,-0.519883,5.43499,-0.24727,-0.463,-0.851169
16.6,16.6049,10.3308,-0.849658,0.505247,-0.151021,-12.0774,0.508869,0.710443,-0.486131,4.80999,-0.138325,-0.489895,-0.860738
16.7,19.0367,12.9817,-0.870534,0.426499,-0.245497,-13.4076,0.491928,0.74071,-0.457554,3.75587,-0.0133041,-0.519083,-0.85462
16.8,19.3277,13.0279,-0.87862,0.346268,-0.328825,-14.1152,0.467728,0.7628,-0.446504,2.1435,0.0962178,-0.546108,-0.832171
16.9,19.8028,14.2188,-0.877959,0.284242,-0.38522,-13.7445,0.445252,0.780461,-0.438899,1.03156,0.175896,-0.556855,-0.811772
17,19.0298,13.5004,-0.881861,0.240927,-0.405308,-13.4062,0.4213,0.788612,-0.447881,0.381592,0.211724,-0.565725,-0.796949
17.1,8.78167,6.27202,-0.884985,0.227661,-0.406168,-6.14623,0.410331,0.793615,-0.449225,0.0575921,0.22007,-0.564221,-0.795754
17.2,8.03027,6.07584,-0.884815,0.232988,-0.403507,-5.24995,0.412983,0.793141,-0.447629,0.0861849,0.215746,-0.562711,-0.798004
17.3,9.60382,7.10703,-0.885843,0.238879,-0.397767,-6.45808,0.416225,0.787956,-0.453743,0.129435,0.205034,-0.567506,-0.797432
17.4,6.08457,4.34074,-0.883091,0.242075,-0.401932,-4.26354,0.422663,0.782375,-0.457433,0.0470969,0.203729,-0.573837,-0.793225
17.5,7.93766,5.89488,-0.876103,0.248058,-0.413415,-5.3157,0.43255,0.783145,-0.446749,0.0124364,0.212944,-0.570221,-0.793413
17.6,7.92253,5.58198,-0.870839,0.254014,-0.420852,-5.62204,0.4413,0.781137,-0.441678,-0.0237462,0.216551,-0.570353,-0.792341
17.7,6.88774,4.97762,-0.866924,0.254781,-0.428403,-4.76068,0.4473,0.776889,-0.443132,-0.0128177,0.21992,-0.575787,-0.787467
17.8,7.43382,5.16816,-0.869042,0.26938,-0.41497,-5.34292,0.453543,0.768873,-0.450702,0.0707478,0.197649,-0.579886,-0.790359
17.9,7.97632,6.37565,-0.882227,0.310426,-0.353994,-4.76989,0.454496,0.757793,-0.468171,0.470113,0.122921,-0.573922,-0.809632
18,5.68305,4.71789,-0.892142,0.384535,-0.2371,-3.0982,0.451545,0.743022,-0.493988,0.663142,-0.013785,-0.547769,-0.836516
18.1,5.85931,4.73825,-0.875113,0.470635,-0.112603,-3.33065,0.460793,0.739349,-0.490952,0.887279,-0.147806,-0.481525,-0.863879
18.2,4.92052,4.0905,-0.841965,0.539406,-0.0116781,-2.56456,0.478457,0.736475,-0.478209,0.949943,-0.249348,-0.408222,-0.878169
18.3,3.94189,3.67434,-0.811641,0.581213,0.0585664,-1.13361,0.498699,0.741623,-0.448659,0.867557,-0.304201,-0.334944,-0.891782
18.4,3.71587,3.54168,-0.797365,0.595845,0.095804,-0.804995,0.522734,0.761232,-0.383764,0.78498,-0.301593,-0.25592,-0.918448
18.5,3.08268,3.04757,-0.801528,0.590443,0.0944952,0.11307,0.546009,0.787124,-0.286897,0.449954,-0.243776,-0.178361,-0.95329
18.6,2.07676,1.48725,-0.815115,0.576431,0.0575729,-1.44001,0.560586,0.809936,-0.172474,0.16545,-0.14605,-0.108312,-0.98333
18.7,1.40684,1.40659,-0.82441,0.565992,0.00150722,0.0180469,0.564674,0.822666,-0.0660513,0.0193041,-0.0386244,-0.0536022,-0.997815
18.8,0.915773,0.910156,-0.83139,0.55526,0.0218696,-0.10122,0.554908,0.831663,-0.0203221,-0.00334428,-0.0294722,-0.00475994,-0.999554
18.9,0.247556,0.247301,-0.834034,0.547112,0.0711086,0.00845292,0.546567,0.836925,-0.0286409,0.00740719,-0.0751824,0.0149781,-0.997057
19,0.38924,0.329344,-0.835991,0.542857,0.0801533,-0.206704,0.542325,0.839627,-0.0301705,0.017699,-0.0836772,0.0182469,-0.996326
19.1,0.850982,0.443909,-0.838534,0.539794,0.0740499,0.725981,0.53943,0.841612,-0.0265494,0.00811129,-0.0766524,0.0176821,-0.996901
19.2,0.664218,0.25325,-0.84065,0.536706,0.0724867,0.614043,0.536209,0.843627,-0.0278025,0.000952006,-0.0760735,0.0154959,-0.996982
19.3,0.733778,0.258691,-0.841923,0.535015,0.0701779,0.686665,0.534483,0.844724,-0.0277384,-0.00028148,-0.0741214,0.0141553,-0.997149
19.4,0.624815,0.163788,-0.841947,0.534972,0.0702168,0.602962,0.534435,0.844752,-0.0278104,-0.00215994,-0.0741936,0.0141114,-0.997144
19.5,0.610964,0.235207,-0.841055,0.536067,0.0725101,0.563873,0.535569,0.844034,-0.027806,0.00137307,-0.0761069,0.0154478,-0.99698
19.6,0.66203,0.24246,-0.83991,0.537641,0.0741207,0.616032,0.537245,0.842998,-0.0268822,0.000780526,-0.0769365,0.0172424,-0.996887
19.7,0.541141,0.254193,-0.838885,0.539235,0.0741498,0.477711,0.538922,0.841958,-0.0258877,0.00348272,-0.0763905,0.0182442,-0.996911
19.8,0.621696,0.273253,-0.838156,0.540429,0.0736957,0.558419,0.540131,0.84119,-0.025635,0.00270861,-0.075846,0.0183192,-0.996951
19.9,0.609539,0.220097,-0.837698,0.541433,0.071508,0.568414,0.541087,0.840571,-0.0258038,0.00100741,-0.0740785,0.0170763,-0.997106
20,0.600198,0.204573,-0.837908,0.54147,0.0687037,0.564258,0.541014,0.84059,-0.0266899,0.000215125,-0.0722034,0.014806,-0.99728
20.1,0.291477,0.198969,-0.839048,0.540228,0.0644459,0.212998,0.539713,0.841427,-0.026649,0.00140453,-0.068623,0.0124225,-0.997565
20.2,0.65912,0.115203,-0.840202,0.538502,0.0638402,-0.648781,0.537574,0.842594,-0.0324003,0.0158454,-0.071239,0.00709603,-0.997434
20.3,1.06563,0.0812288,-0.841,0.537588,0.0609814,-1.06192,0.535869,0.8432,-0.043102,0.0362067,-0.0745906,-0.00357068,-0.997208
20.4,3.06218,1.29395,-0.842325,0.535299,0.062804,-2.75561,0.531194,0.844239,-0.0713674,0.330566,-0.0912245,-0.0267534,-0.995471
20.5,3.98921,2.59016,-0.843826,0.534493,0.0477034,-2.9294,0.52428,0.840114,-0.139062,0.789638,-0.114404,-0.0923342,-0.989134
20.6,2.96244,2.6404,-0.852183,0.522111,-0.0344109,-1.1647,0.514191,0.823446,-0.239886,0.669194,-0.0969113,-0.22212,-0.970191
20.7,4.50203,2.71598,-0.867042,0.464746,-0.17958,-3.45649,0.497715,0.79146,-0.354783,0.971804,-0.0227536,-0.396991,-0.91754
20.8,5.42892,3.40548,-0.882758,0.344724,-0.319223,-4.08713,0.463987,0.74645,-0.476999,1.08224,0.0738512,-0.569191,-0.818882
20.9,7.40333,4.77936,-0.893909,0.183524,-0.408957,-5.43562,0.414889,0.684128,-0.599863,1.55596,0.16969,-0.705895,-0.68769
21,9.33801,6.95476,-0.893943,0.0133885,-0.447981,-5.93435,0.361582,0.612138,-0.70324,1.90084,0.264811,-0.790638,-0.552057
21.1,8.93013,7.15105,-0.888579,-0.159142,-0.430234,-5.14314,0.296672,0.515978,-0.803587,1.46898,0.349876,-0.841689,-0.411274
21.2,9.49994,8.5277,-0.878341,-0.316271,-0.358454,-3.86056,0.222763,0.392658,-0.892298,1.61966,0.422958,-0.863593,-0.274434
21.3,11.1829,10.5843,-0.863039,-0.434282,-0.257997,-3.13381,0.151847,0.264079,-0.952473,1.79175,0.481773,-0.861198,-0.161966
21.4,10.4828,10.273,-0.842048,-0.520299,-0.142284,-1.55019,0.0828434,0.135906,-0.987252,1.39661,0.533003,-0.843101,-0.0713363
21.5,10.411,10.3426,-0.820153,-0.570513,-0.0431641,-0.41241,0.0282272,0.0350033,-0.998988,1.11765,0.571447,-0.820542,-0.0126041
21.6,11.9532,11.8691,-0.806873,-0.59053,0.0151486,0.535265,-0.0020922,-0.0227872,-0.999738,1.3103,0.590721,-0.806694,0.0171509
21.7,12.2524,12.1836,-0.80337,-0.594832,0.0277652,0.351378,-0.00740224,-0.0366475,-0.999301,1.24804,0.595434,-0.803014,0.0250384
21.8,12.1261,12.0696,-0.802145,-0.596548,0.026362,0.111809,-0.00502505,-0.0374026,-0.999288,1.16415,0.597109,-0.801706,0.0270046
21.9,12.4639,12.39,-0.799937,-0.599632,0.0233023,0.461036,-0.000892505,-0.0376429,-0.999291,1.27433,0.600084,-0.79939,0.0295768
22,12.0908,12.0217,-0.799772,-0.60004,0.0178148,0.42745,0.00421227,-0.035285,-0.999368,1.218,0.600289,-0.799192,0.0307475
22.1,12.1127,12.0553,-0.803325,-0.59517,0.0210247,-0.0191312,0.00367949,-0.040263,-0.999182,1.17752,0.59553,-0.80259,0.0345341
22.2,12.8045,12.7106,-0.807256,-0.589369,0.0313413,0.5327,-0.00237216,-0.0498623,-0.998753,1.45301,0.590197,-0.806323,0.0388535
22.3,11.7579,11.6707,-0.806166,-0.589629,0.0493337,0.695461,-0.0123776,-0.066554,-0.997706,1.24894,0.59156,-0.804927,0.0463554
22.4,11.9218,11.8249,-0.804845,-0.589972,0.0644775,0.852875,-0.0192166,-0.0826792,-0.996391,1.2548,0.593174,-0.803179,0.0552067
22.5,11.9299,11.8443,-0.80748,-0.586856,0.0597922,0.688953,-0.0160034,-0.0795299,-0.996704,1.24921,0.589677,-0.805776,0.0548272
22.6,13.0539,12.9248,-0.811986,-0.580369,0.0620557,0.942407,-0.01753,-0.0820219,-0.996476,1.57031,0.583414,-0.810213,0.0564268
22.7,11.4282,11.3204,-0.811928,-0.579715,0.0685812,0.872981,-0.0210213,-0.0883708,-0.995866,1.29996,0.583379,-0.810013,0.0595643
22.8,11.6557,11.5568,-0.807345,-0.585922,0.0699257,0.889895,-0.0202084,-0.0909784,-0.995648,1.2266,0.589733,-0.805245,0.0616104
22.9,13.1665,13.0496,-0.809807,-0.583059,0.0652266,0.830918,-0.0179023,-0.0865673,-0.996085,1.54119,0.586423,-0.807805,0.0596647
23,12.134,12.005,-0.812278,-0.579803,0.0635005,0.934865,-0.019511,-0.0817988,-0.996458,1.49668,0.582944,-0.81064,0.0551308
23.1,11.4573,11.3677,-0.804223,-0.590485,0.0674762,0.801516,-0.0204165,-0.0860184,-0.996084,1.18374,0.593977,-0.802452,0.0571223
23.2,12.7111,12.5458,-0.804559,-0.589559,0.0714508,1.35858,-0.021317,-0.0915661,-0.995571,1.52642,0.59349,-0.802519,0.0611028
23.3,12.4879,12.3868,-0.810582,-0.581669,0.0679571,0.62112,-0.0205582,-0.0877075,-0.995934,1.45896,0.585264,-0.808684,0.0591361
23.4,11.8376,11.6881,-0.808192,-0.583491,0.0797747,1.27682,-0.0272865,-0.098213,-0.994791,1.37327,0.588287,-0.806159,0.0634536
23.5,11.5989,11.4662,-0.808238,-0.581785,0.0909868,1.19114,-0.0321444,-0.110694,-0.993335,1.28138,0.587978,-0.805775,0.0707659
23.6,13.0447,12.923,-0.814905,-0.573274,0.0853654,0.863932,-0.0299122,-0.105491,-0.99397,1.55412,0.578822,-0.812545,0.0688169
23.7,11.6455,11.4945,-0.815568,-0.572734,0.0826125,1.23615,-0.0306884,-0.0997547,-0.994539,1.40234,0.577847,-0.813649,0.0637804
23.8,12.1329,11.989,-0.812159,-0.576016,0.0927515,1.26322,-0.0350547,-0.110511,-0.993257,1.3697,0.582382,-0.809934,0.0695604
23.9,12.8003,12.6547,-0.81787,-0.567892,0.0926683,1.10915,-0.0347959,-0.111942,-0.993105,1.57395,0.57435,-0.815456,0.0717936
24,11.9749,11.8156,-0.818271,-0.567421,0.0920076,1.29097,-0.0353286,-0.110116,-0.993291,1.45693,0.573746,-0.816032,0.0700581
24.1,11.3619,11.2249,-0.814965,-0.570981,0.0990627,1.21454,-0.0378446,-0.11814,-0.992276,1.27274,0.578273,-0.812419,0.0746712
24.2,12.6659,12.5181,-0.815927,-0.570117,0.0960715,1.19895,-0.0352957,-0.11674,-0.992535,1.51211,0.577076,-0.813227,0.0751289
24.3,12.686,12.5118,-0.818056,-0.568557,0.0867574,1.33876,-0.0315241,-0.106294,-0.993835,1.61114,0.574273,-0.815748,0.069031
24.4,11.5674,11.4203,-0.81598,-0.569976,0.0964508,1.24651,-0.0376411,-0.114106,-0.992755,1.35158,0.576853,-0.813699,0.0716535
24.5,11.9698,11.8215,-0.814328,-0.570394,0.107331,1.27645,-0.0424466,-0.125903,-0.991134,1.37801,0.57885,-0.811664,0.0783148
24.6,12.7805,12.6047,-0.816875,-0.567883,0.101112,1.38212,-0.0391595,-0.12029,-0.991966,1.59755,0.575484,-0.814272,0.076024
24.7,12.1477,11.9587,-0.816778,-0.569094,0.0948997,1.48687,-0.0368107,-0.112747,-0.992942,1.53143,0.575777,-0.814506,0.0711405
24.8,11.8936,11.762,-0.813406,-0.573562,0.0969453,1.16088,-0.0349739,-0.118137,-0.992381,1.32858,0.580645,-0.810599,0.0760334
24.9,11.793,11.6511,-0.815981,-0.568996,0.102075,1.20119,-0.0355527,-0.126846,-0.991285,1.37266,0.576985,-0.812498,0.0832748
25,12.3471,12.1434,-0.819187,-0.563702,0.105698,1.59044,-0.0374672,-0.131302,-0.990634,1.56799,0.572301,-0.815475,0.0864404
25.1,11.9927,11.8148,-0.820732,-0.560257,0.111854,1.45656,-0.04092,-0.137635,-0.989637,1.45412,0.569846,-0.816804,0.0900358
25.2,12.4168,12.2249,-0.824013,-0.554712,0.115311,1.50809,-0.0436052,-0.140829,-0.989073,1.56723,0.56489,-0.820037,0.0918567
25.3,11.6496,11.4593,-0.825073,-0.553622,0.112944,1.5175,-0.0430079,-0.137778,-0.989529,1.44746,0.563386,-0.821291,0.0898671
25.4,12.3286,12.1223,-0.82312,-0.555109,0.119699,1.66352,-0.0457749,-0.145242,-0.988337,1.50923,0.566019,-0.818999,0.0941415
25.5,12.0277,11.8571,-0.826824,-0.549068,0.122007,1.37649,-0.0477292,-0.147643,-0.987888,1.47666,0.560432,-0.822633,0.095868
25.6,12.79,12.5447,-0.828055,-0.547079,0.122599,1.82781,-0.0492336,-0.146873,-0.987929,1.69511,0.558481,-0.824095,0.0946841
25.7,10.8682,10.6925,-0.824868,-0.549564,0.132557,1.4756,-0.0540925,-0.156677,-0.986168,1.26928,0.562731,-0.820629,0.0995102
25.8,12.7319,12.4813,-0.823034,-0.551976,0.133933,1.92248,-0.0533413,-0.159645,-0.985732,1.61942,0.565482,-0.818435,0.10195
25.9,12.2296,12.0238,-0.825844,-0.54934,0.127306,1.56834,-0.0511167,-0.151903,-0.987073,1.59102,0.561577,-0.821676,0.0973673
26,11.851,11.5997,-0.82194,-0.554242,0.131266,1.90698,-0.0531196,-0.154866,-0.986506,1.50185,0.567092,-0.817821,0.0978493
26.1,11.9215,11.7019,-0.821027,-0.554454,0.135998,1.73049,-0.0541725,-0.16148,-0.985388,1.48038,0.568314,-0.816397,0.102544
26.2,12.2774,12.0514,-0.82292,-0.553234,0.129363,1.73371,-0.050297,-0.155857,-0.986498,1.57869,0.565927,-0.818316,0.100432
26.3,12.2501,12.0296,-0.822775,-0.553499,0.129152,1.70542,-0.0500057,-0.155858,-0.986513,1.56367,0.566163,-0.818137,0.100558
26.4,12.3621,12.1208,-0.823291,-0.552713,0.129227,1.82073,-0.0492825,-0.157201,-0.986336,1.61081,0.565475,-0.818411,0.102183
26.5,11.8353,11.6309,-0.823972,-0.552218,0.126985,1.59296,-0.0474853,-0.156022,-0.986612,1.50239,0.564637,-0.81897,0.102335
26.6,11.9617,11.7034,-0.821745,-0.554943,0.129512,1.92575,-0.0479087,-0.159189,-0.986085,1.55093,0.567838,-0.816515,0.104226
26.7,12.2573,12.0461,-0.820388,-0.556644,0.130809,1.69512,-0.0477381,-0.16129,-0.985752,1.50287,0.569811,-0.814944,0.105747
26.8,12.248,12.0552,-0.821403,-0.555923,0.127463,1.56707,-0.0461966,-0.1579,-0.986374,1.49293,0.568474,-0.816099,0.104017
26.9,12.5969,12.2326,-0.81893,-0.558988,0.129948,2.49759,-0.047788,-0.159224,-0.986085,1.67514,0.571901,-0.813745,0.10368
27,11.0545,10.9936,-0.814136,-0.567331,0.123762,0.679323,-0.0436228,-0.152777,-0.987297,0.93916,0.579033,-0.809194,0.0996327
27.1,13.3913,13.1224,-0.811612,-0.571252,0.122299,2.18214,-0.0433368,-0.149896,-0.987752,1.53846,0.582587,-0.806971,0.0969012
27.2,11.3583,11.2718,-0.805852,-0.575575,0.138983,1.04882,-0.0519022,-0.165155,-0.984901,0.926036,0.589838,-0.800898,0.103217
27.3,11.8042,11.5672,-0.799752,-0.581853,0.147797,2.07485,-0.0545652,-0.17472,-0.983105,1.11055,0.597845,-0.794305,0.107984
27.4,12.1367,11.9309,-0.79607,-0.58756,0.145074,1.91373,-0.0508129,-0.173974,-0.983438,1.1369,0.603068,-0.790257,0.10864
27.5,12.7645,12.5446,-0.790932,-0.596326,0.137195,2.0478,-0.0439745,-0.168238,-0.984765,1.17131,0.610322,-0.784915,0.106842
27.6,11.4872,11.3663,-0.786134,-0.602295,0.138687,1.40927,-0.0437986,-0.169539,-0.98455,0.881705,0.616503,-0.780062,0.106901
27.7,12.1691,11.9796,-0.780083,-0.608713,0.144702,1.8905,-0.0448583,-0.176266,-0.98332,1.00113,0.624066,-0.773562,0.110196
27.8,12.1473,11.9579,-0.776668,-0.612784,0.145885,1.89106,-0.0444532,-0.177699,-0.98308,0.994985,0.62834,-0.770012,0.110773
27.9,12.1684,11.9678,-0.775796,-0.61273,0.150673,1.93745,-0.047056,-0.181944,-0.982182,1.04302,0.629227,-0.769063,0.112319
28,12.354,12.1171,-0.775063,-0.613153,0.152711,2.14372,-0.0486731,-0.183026,-0.981902,1.09592,0.630006,-0.768469,0.112013
28.1,12.0961,11.8938,-0.777174,-0.609869,0.155112,1.92191,-0.0510071,-0.184628,-0.981484,1.07649,0.627215,-0.770696,0.11238
28.2,12.0955,11.8806,-0.779766,-0.606337,0.155948,1.96708,-0.0522065,-0.185249,-0.981304,1.1329,0.62389,-0.773329,0.112796
28.3,12.3499,12.0666,-0.780786,-0.604064,0.159625,2.31456,-0.0545768,-0.188567,-0.980543,1.24855,0.622411,-0.774305,0.114263
28.4,12.1713,11.9275,-0.781123,-0.602874,0.16245,2.11319,-0.0559438,-0.191555,-0.979886,1.18812,0.621866,-0.7745,0.115901
28.5,12.2776,12.0552,-0.78369,-0.601759,0.154002,1.98705,-0.0534242,-0.181711,-0.9819,1.20953,0.61885,-0.777732,0.110257
28.6,12.1292,11.9051,-0.788492,-0.597661,0.145195,1.9586,-0.0513783,-0.171242,-0.983888,1.24513,0.612895,-0.783248,0.104316
28.7,11.955,11.7513,-0.800661,-0.585243,0.128192,1.75016,-0.0456077,-0.153808,-0.987048,1.32922,0.59738,-0.796137,0.096456
28.8,11.5289,11.29,-0.826537,-0.557432,0.0781446,1.67836,-0.022945,-0.105348,-0.994171,1.62292,0.562415,-0.823511,0.0742835
28.9,10.1456,10.0091,-0.87134,-0.489477,-0.0343439,0.271066,0.0365584,0.00503761,-0.999319,1.63632,0.489316,-0.872002,0.013505
29,10.0045,9.66383,-0.920478,-0.359899,-0.152292,-1.57495,0.111016,0.132826,-0.984902,2.05431,0.374694,-0.923488,-0.0823091
29.1,5.78761,4.76202,-0.948242,-0.193753,-0.251589,-3.23861,0.197566,0.260306,-0.945097,0.575354,0.248605,-0.945886,-0.208554
29.2,7.26514,6.67031,-0.944695,-0.0122313,-0.327721,-2.33085,0.295582,0.40113,-0.867021,1.69007,0.142064,-0.915939,-0.37533
29.3,8.10482,6.67776,-0.921655,0.204931,-0.329478,-4.04906,0.387219,0.540045,-0.747271,2.16813,0.0247938,-0.816306,-0.577088
29.4,5.92983,5.2289,-0.885566,0.402076,-0.232612,-2.42377,0.456456,0.660362,-0.596297,1.39532,-0.0861486,-0.634237,-0.768324
29.5,5.961,4.61701,-0.855279,0.50751,-0.104553,-3.48221,0.498249,0.75008,-0.434888,1.44603,-0.142286,-0.424044,-0.894394
29.6,5.58923,4.16946,-0.84363,0.535837,-0.0341656,-3.54378,0.522687,0.805038,-0.280557,1.13874,-0.122828,-0.254544,-0.959229
29.7,1.92928,1.71839,-0.844759,0.534694,-0.0219907,-0.867309,0.531652,0.833847,-0.148474,0.130571,-0.0610514,-0.137116,-0.988672
29.8,1.64994,0.369707,-0.848044,0.529272,-0.0263332,-1.60798,0.529927,0.847001,-0.0420302,-0.000294964,5.88833e-05,-0.0495981,-0.998769
29.9,2.63944,0.911028,-0.849974,0.526085,0.0279116,-2.47686,0.526256,0.850325,-0.001398,-0.0427846,-0.0244694,0.0135004,-0.999609
30,0.716831,-0.442392,-0.843755,0.529077,0.0903029,0.564034,0.530902,0.847421,-0.00442059,-0.00142838,-0.0788635,0.0442121,-0.995905
30.1,0.173055,-0.171192,-0.835858,0.539909,0.0991942,-0.0249413,0.542168,0.840256,-0.00490094,-0.00439692,-0.0859946,0.0496834,-0.995056
30.2,0.805122,0.0430293,-0.832007,0.546651,0.0945361,0.803971,0.548977,0.835836,-0.00166703,-0.000523458,-0.0799279,0.0505112,-0.99552
30.3,0.842619,0.161356,-0.831981,0.547505,0.0896974,0.827024,0.549616,0.835416,-0.00138794,0.0018533,-0.0756946,0.0481444,-0.995968
30.4,0.978288,0.162156,-0.835054,0.544396,0.079483,0.964751,0.546121,0.837706,-4.04634e-05,-0.00273527,-0.0666054,0.0433736,-0.996836
30.5,0.712192,0.0158073,-0.838867,0.539733,0.0706424,0.712,0.541069,0.840978,-0.000277414,-0.00492693,-0.0595584,0.0379897,-0.997502
30.6,0.539878,-0.0129778,-0.842119,0.535119,0.066958,0.539707,0.536212,0.844081,-0.00194586,-0.00407815,-0.0575592,0.034265,-0.997754
30.7,0.371121,-0.0984833,-0.844541,0.531445,0.0656945,0.357773,0.532411,0.846479,-0.00325697,-0.00545121,-0.05734,0.0322259,-0.997834
30.8,0.415399,-0.138207,-0.845866,0.529208,0.0667044,0.391681,0.530181,0.847877,-0.00360055,-0.00642816,-0.0584625,0.0323198,-0.997766
30.9,0.494665,-0.20072,-0.845684,0.529236,0.0687685,0.45205,0.530279,0.847816,-0.00358199,-0.00744774,-0.0601987,0.0334372,-0.997626
31,0.654081,0.0728597,-0.84624,0.528139,0.0703321,0.650009,0.5293,0.848431,-0.0024949,0.001012,-0.0609896,0.0351155,-0.997521
31.1,0.307534,0.0994985,-0.847761,0.525789,0.0696132,0.290977,0.526949,0.849895,-0.00199357,0.00309736,-0.0602121,0.0349925,-0.997572
31.2,0.780657,0.0527939,-0.850271,0.521637,0.0702417,0.77887,0.522812,0.852446,-0.00193233,-0.000747208,-0.0608853,0.0350802,-0.997528
31.3,0.632071,0.00586294,-0.851003,0.520556,0.0693908,0.632036,0.521571,0.853198,-0.00401157,-0.00321673,-0.0612924,0.0327784,-0.997581
31.4,0.398292,-0.00613993,-0.852439,0.518197,0.0694221,0.39824,0.519161,0.854663,-0.00475535,-0.00208586,-0.0617967,0.0319876,-0.997576
31.5,0.4868,-0.0766826,-0.854994,0.513772,0.0708781,0.480697,0.514784,0.857308,-0.00456275,-0.00497771,-0.0631085,0.0325858,-0.997475
31.6,0.399565,-0.037686,-0.858179,0.508283,0.0719542,0.397778,0.509438,0.860503,-0.0026548,-0.00221286,-0.0632662,0.0343779,-0.997404
31.7,0.503595,-0.00117732,-0.861508,0.502612,0.0720074,0.503593,0.503846,0.863793,-0.00118585,-0.000894329,-0.0627955,0.035259,-0.997403
31.8,0.514843,0.0331888,-0.864108,0.498178,0.0716644,0.513772,0.499344,0.866402,-0.00188473,-0.000301423,-0.0630291,0.0341566,-0.997427
31.9,0.54026,0.00013775,-0.867016,0.492953,0.0726689,0.540257,0.494058,0.869423,-0.00315485,-0.0017744,-0.0647353,0.0331673,-0.997351
